ignore 1
front 3
right 3
left 3
back 3

front
[0.22056353270235057, 1.2274688932710753]
[0.2243769772762944, 1.232847165977752]

[0.1562481087732391, 1.2460053873068655]
pos_delta [ 0.09375189 -1.24600539]
robot_heading_vec [-0.9424693  -0.33429271]
heading_err_cross 0.964894690998

[0.14298105443541498, 1.2220151538187216]
pos_delta [ 0.10701895 -1.22201515]
robot_heading_vec [-0.96524753 -0.26133733]
heading_err_cross 0.984366756305

[0.23604821184033406, 1.2735140256004267, 0.5357631300723822, 0.10679057683152625, -0.6778214962237437, 0.7215301254509846, -0.09245577333883388]
[0.22533772871670824, 1.2191643082208157, 0.5227748908853773, 0.09964444059230748, -0.6969963478620074, 0.706789660417708, -0.06866915211862588]
[0.21365645289696542, 1.212024276032741, 0.5400837515400042, 0.07048661653841319, -0.6910413704561966, 0.7139436471662074, -0.08819257269182174]


right
[0.26367361178260523, 1.1845643446480463]
[0.27531115519516536, 1.1863212082018701]
[0.2696378358857576, 1.181131850301976]

[0.2178052424507048, 1.1913874736606975]
pos_delta [ 0.03219476 -1.19138747]
robot_heading_vec [-0.98914153 -0.14696608]
heading_err_cross 0.992750577871

[0.21475775819424273, 1.174546834188124]
pos_delta [ 0.03524224 -1.17454683]
robot_heading_vec [-0.99079266 -0.13538801]
heading_err_cross 0.9944074375

[0.25719555213569456, 1.1416658079759125]
pos_delta [-0.00719555 -1.14166581]
robot_heading_vec [-0.99991963 -0.012678  ]
heading_err_cross 0.999819867445


[0.21052165013916313, 1.1923691947184762, 0.3930275287401271, -0.05728440902858914, 0.7098793466941622, -0.7009631202401806, 0.037954099679281844]
[0.21432719668094646, 1.19861067700193, 0.4048624598156391, -0.053467546475176916, 0.7104639655474959, -0.6997140068408922, 0.052749253673537846]
[0.20115321975299857, 1.199143336355172, 0.3992685346798905, -0.07343429989003732, 0.7056655435564272, -0.7042053003446495, 0.02717423786188523]



left
[0.3085396862194786, 1.1735581901671321]
[0.34826513276999405, 1.1477633720916611]
[0.340186157294756, 1.1453565026457642]


[0.28330273463507455, 1.1844951740304606]
pos_delta [-0.03330273 -1.18449517]
robot_heading_vec [-0.99493581 -0.10051239]
heading_err_cross 0.991717953978

[0.26527631875666247, 1.2106029910221128]
pos_delta [-0.01527632 -1.21060299]
robot_heading_vec [-0.9828367 -0.1844777]
heading_err_cross 0.980430762515

[0.31093509878102776, 1.172066489933619]
pos_delta [-0.0609351  -1.17206649]
robot_heading_vec [-0.99930212 -0.03735336]
heading_err_cross 0.996014980644




[0.2987853573277236, 1.158131785775239, 0.5896975501061368, 0.07744239621475808, -0.6803686291396518, 0.7223808142336169, 0.09626610503351693]
[0.28327229252510655, 1.1729827513854871, 0.5817704168624512, 0.13165110691352935, -0.6859241125023413, 0.7085505330521082, 0.10065902864567638]
[0.31264455995803997, 1.1463638326736658, 0.5852252880132003, 0.09559008484325604, -0.691849909277516, 0.7054779067271012, 0.12044568000679554]



back
[0.9127136901501534, 1.182118080529546]
[0.9701113441016737, 1.0353873010768533]
[0.9727026569431385, 1.1079324404505502]

[0.8947320127062776, 1.3416998066785755]
pos_delta [-0.64473201 -1.34169981]
robot_heading_vec [-0.96463158 -0.26360183]
heading_err_cross 0.755284734992

[0.9503284999989929, 1.2466281892935434]
pos_delta [-0.7003285  -1.24662819]
robot_heading_vec [-0.98827067 -0.15271243]
heading_err_cross 0.786822199417

[0.9482876008691448, 1.2471436863339234]
pos_delta [-0.6982876  -1.24714369]
robot_heading_vec [-0.9883024  -0.15250696]
heading_err_cross 0.78782680722
